1 0.4890625 0.56796875 0.05 0.128125
1 0.5515625 0.5109375 0.046875 0.18046875
1 0.1390625 0.86328125 0.09921875 0.1890625
1 0.5890625 0.75703125 0.08125 0.2671875
1 0.62578125 0.77578125 0.07265625 0.26171875
1 0.7140625 0.84921875 0.08984375 0.26953125
1 0.9140625 0.5484375 0.078125 0.215625
1 0.94296875 0.56015625 0.059375 0.21484375
1 0.9734375 0.58359375 0.05234375 0.221875
1 0.92734375 0.275 0.0453125 0.1234375
1 0.9609375 0.2828125 0.05 0.13671875
1 0.91171875 0.2015625 0.03984375 0.11953125
0 0.51640625 0.58125 0.075 0.09375